0x27F2824D590d2d71ce85C2bABEFdc06b0FC81141,0,1,0
0x330c0707f930E1B9ED70F456d5D4E7168d062c6C,0,1,0
0x2f7dCfC66661536Cf02470980c3426bc9Ad22Fdd,0,1,0
0x04C6EF06074dB3bBfB77A778A327AdAb1Fe299cF,0,1,0
0x04C6EF06074dB3bBfB77A778A327AdAb1Fe299cF,0,1,0
0xCb5F120b0e6C9a6c9588b01e7cDf907E4C9169bB,0,1,0
0xCb5F120b0e6C9a6c9588b01e7cDf907E4C9169bB,0,1,0
0x310D67930c38041CBe27c543Eaa8F62854316008,0,1,0
0xCb5F120b0e6C9a6c9588b01e7cDf907E4C9169bB,0,1,0
0xc4564956f484608F3f1f66b00858C3aaa9E4B71e,0,1,0
0xb77A8e23CfA8a87b4d0bfC0BC96f612D4a98A7d9,0,1,0
0x78Bc49be7bae5e0eeC08780c86F0e8278B8B035b,0,1,0
0xC734Ab9153e2358b54D1ca17754977A82d5258Bd,0,1,0
0x203dC7Ee0e2EA80615558c43b9942EA713D07BDA,0,1,0
0x19d2e7A4cCd84f80ec5F937AA902C5f34158602B,0,1,0
0xCb5F120b0e6C9a6c9588b01e7cDf907E4C9169bB,0,1,0
0xf2AEB87d080a74ff64F3DC0E4Ac6959bda1b752F,0,1,0
0xf2AEB87d080a74ff64F3DC0E4Ac6959bda1b752F,0,1,0
